Riser,Shoulder,Elbow,Wrist,Gripper
0.5525,-10.31041966739196,54.475865463078009,-44.165445795686047,0.0375
0.4525,-10.31041966739196,54.475865463078009,-44.165445795686047,0.0375
0.4525,-10.31041966739196,54.475865463078009,-44.165445795686047,0.0375
0.3825,-10.31041966739196,54.475865463078009,-44.165445795686047,0.0375
0.3825,-10.31041966739196,54.475865463078009,-44.165445795686047,0
GUI,TAKE,a1
0.5525,-10.31041966739196,54.475865463078009,-44.165445795686047,0
0.5525,-23.498485202794843,61.859786347934694,-38.361301145139848,0
0.4525,-23.498485202794843,61.859786347934694,-38.361301145139848,0
0.3825,-23.498485202794843,61.859786347934694,-38.361301145139848,0
0.3825,-23.498485202794843,61.859786347934694,-38.361301145139848,0.0375
GUI,DROP,a3
0.5525,-23.498485202794843,61.859786347934694,-38.361301145139848,0.0375
